1000 1000
2 382 654
1 257 31
1 576 9
2 442 297
0 627 517
2 549 510
2 626 137
1 90 801
1 742 408
1 250 635
2 667 613
0 304 956
1 972 478
1 225 325
2 860 812
0 572 95
0 419 575
0 411 491
1 895 464
2 632 219
2 531 28
2 620 990
1 772 866
1 883 959
1 481 257
1 244 816
0 920 869
0 198 246
2 186 221
2 577 939
1 549 284
0 968 328
0 169 783
2 850 90
0 820 231
1 442 971
0 792 432
1 152 34
1 732 983
2 656 900
0 65 748
1 856 955
0 398 633
0 868 565
1 976 90
1 221 39
2 795 249
2 139 745
1 431 956
2 120 746
1 644 773
0 97 295
0 642 631
2 163 712
2 420 392
2 307 198
2 506 128
1 91 783
2 995 213
1 380 767
1 243 762
2 910 124
1 345 227
2 271 319
1 580 575
0 547 970
0 754 813
0 915 513
2 771 228
0 398 440
1 917 753
1 14 394
1 403 635
1 959 873
2 312 232
2 617 834
0 352 279
0 197 284
2 790 504
1 785 407
2 844 206
0 867 274
1 757 862
0 508 735
0 528 271
2 179 882
2 637 568
0 938 941
0 963 416
1 691 548
0 934 440
0 841 425
0 881 750
2 195 452
1 504 710
2 24 582
2 496 592
2 543 668
1 781 243
1 793 657
2 951 38
0 526 728
2 790 54
0 719 503
2 886 261
0 555 996
2 107 137
0 333 396
2 114 640
1 552 596
2 539 470
2 509 21
0 520 911
0 283 340
1 323 644
1 542 754
2 80 341
2 704 605
0 577 418
0 449 31
2 768 735
1 444 84
0 756 319
0 234 43
0 26 106
0 84 136
0 40 419
0 530 395
2 241 153
2 52 961
2 283 169
2 400 73
0 526 782
0 190 132
2 299 834
2 652 25
2 768 305
0 808 645
0 77 192
1 402 40
0 763 850
0 173 553
2 694 94
0 293 67
1 52 995
0 376 823
1 187 852
0 429 247
1 194 287
1 813 731
2 750 271
0 528 888
1 311 214
2 474 690
1 777 967
0 602 681
2 461 700
1 435 984
1 688 492
1 502 516
0 155 139
2 99 502
0 104 502
2 886 876
2 310 442
2 700 931
0 779 38
2 781 388
0 465 874
1 994 213
1 701 390
2 739 722
1 883 898
2 788 683
1 878 923
0 635 368
1 907 650
1 200 276
1 931 383
0 972 73
2 697 48
2 260 948
2 888 583
1 89 766
1 50 474
0 703 357
0 883 61
0 836 118
1 358 84
1 307 935
0 865 309
0 394 641
1 808 6
0 326 295
2 653 285
1 20 871
2 57 974
0 657 382
1 672 776
1 180 611
2 121 313
1 379 513
2 842 500
2 38 486
1 82 723
1 855 654
2 206 148
1 678 824
1 808 485
2 757 919
1 989 605
0 310 187
1 337 480
1 336 735
1 17 4
1 524 472
1 906 598
0 107 873
0 796 122
1 319 569
1 908 925
2 827 858
0 834 170
0 896 139
1 131 909
1 769 548
1 505 905
1 624 609
2 584 807
2 374 598
1 680 164
2 106 725
1 234 310
2 981 263
1 196 128
1 715 891
0 126 610
1 932 583
1 746 446
2 818 747
1 994 742
0 584 576
1 579 445
2 530 119
1 591 700
1 806 975
1 307 915
2 685 284
0 448 529
2 799 199
2 107 134
1 188 427
2 384 536
0 656 986
1 754 265
1 118 924
0 675 277
2 993 456
0 348 775
1 506 65
2 459 454
2 736 846
0 167 845
1 320 911
0 203 284
2 911 905
1 306 158
1 662 330
2 576 454
1 593 240
0 869 857
1 295 50
0 154 597
2 874 701
0 374 503
2 291 244
0 817 516
2 50 515
1 20 418
2 2 651
1 936 905
1 518 539
2 373 779
2 998 650
2 44 256
0 393 721
2 886 689
2 71 574
2 215 556
2 283 485
2 779 1
1 512 128
1 49 527
0 653 140
2 840 987
0 377 698
0 131 600
0 175 734
0 331 743
1 7 109
0 900 874
0 686 209
1 29 608
2 82 357
0 340 499
1 129 954
2 594 884
2 57 279
0 633 401
1 346 190
0 721 300
1 21 716
0 710 440
1 962 738
1 542 130
2 865 613
2 36 432
1 910 640
0 188 639
2 69 712
1 60 416
2 541 857
0 332 552
1 32 910
0 501 617
1 951 147
2 709 774
1 208 75
1 150 757
0 666 644
1 941 157
2 594 610
2 735 445
0 699 804
2 7 105
2 89 899
0 869 540
0 487 747
1 281 857
1 604 688
1 681 632
0 77 389
2 30 539
0 90 992
1 372 112
0 972 253
0 777 386
2 245 89
2 107 926
1 180 101
1 510 456
0 957 503
1 847 165
2 57 258
2 755 818
1 971 489
1 88 883
2 328 702
1 904 492
0 47 696
1 72 487
2 730 932
2 256 769
1 622 969
0 708 40
1 803 475
2 545 198
1 971 817
0 564 784
0 238 757
1 554 944
0 119 287
2 143 534
1 181 890
0 767 424
0 42 543
1 764 492
0 451 678
1 528 408
2 906 164
2 211 103
2 33 843
2 689 10
1 400 789
0 907 678
2 338 725
2 383 0
0 393 682
0 879 736
0 653 908
2 435 742
0 612 377
2 821 860
0 146 393
1 926 48
2 554 675
2 188 973
2 112 543
2 758 111
2 607 503
2 649 954
1 603 652
0 221 516
2 505 968
1 624 613
0 574 216
0 304 136
2 806 735
0 691 490
1 753 98
2 302 282
0 642 502
1 1 304
2 563 151
0 195 961
1 294 215
0 440 471
2 202 309
0 319 447
0 519 504
1 46 215
0 869 259
2 48 93
1 650 880
0 626 536
0 904 38
0 485 791
1 116 700
0 197 307
1 470 788
2 330 507
1 361 954
0 114 117
0 484 478
2 149 596
1 502 599
1 8 563
1 572 679
2 767 414
1 160 472
0 808 531
1 1 41
2 556 688
1 684 598
2 995 820
0 628 562
1 150 242
2 690 651
0 20 466
0 172 577
0 786 559
1 952 672
0 400 545
2 652 752
1 403 56
2 505 833
2 53 247
0 448 990
1 434 437
1 397 296
1 320 264
2 116 890
2 850 783
0 171 0
2 48 151
2 232 724
0 24 663
1 398 905
2 141 960
1 797 522
0 40 842
1 955 286
0 376 825
2 561 365
0 497 157
1 541 530
0 236 871
1 949 575
2 375 162
2 209 730
2 673 242
2 884 416
2 773 467
1 186 9
2 507 904
0 560 154
0 728 707
2 809 834
2 976 376
0 710 973
2 252 985
2 71 979
1 573 987
1 47 851
1 880 479
1 765 34
0 994 549
2 505 328
0 817 952
2 339 263
2 678 754
0 174 133
1 759 771
2 790 936
1 861 998
1 362 29
2 785 518
2 993 323
0 565 528
1 29 237
0 852 506
2 504 82
1 119 739
1 682 633
0 978 432
1 15 40
0 93 991
2 156 732
1 68 444
2 199 680
1 347 437
2 793 851
2 162 62
0 110 240
0 952 361
0 959 705
0 665 237
1 763 100
2 286 143
2 277 143
0 968 697
1 770 359
1 284 462
0 423 169
1 75 12
1 121 33
2 537 164
1 258 497
0 682 481
1 352 971
0 796 750
2 769 462
1 251 216
0 210 594
2 481 400
0 570 733
2 369 349
2 924 796
0 509 304
1 227 840
1 726 877
0 584 755
1 367 184
0 988 345
2 93 656
2 20 882
2 673 238
0 214 468
1 593 102
2 553 526
1 887 983
0 286 447
1 698 407
0 256 744
0 556 417
0 222 813
1 394 823
2 482 583
1 817 120
0 663 592
1 702 961
0 727 49
2 843 881
1 821 851
1 790 248
1 129 723
0 596 57
1 635 569
0 995 24
0 98 329
2 434 756
2 740 508
0 138 861
1 872 677
2 684 626
2 809 666
0 453 652
1 320 316
1 360 568
0 744 692
0 44 568
1 761 492
2 561 120
1 557 370
1 853 327
2 868 773
0 744 731
1 565 676
1 754 64
0 770 266
2 139 193
1 245 87
0 39 689
0 949 704
1 457 922
0 547 452
2 408 393
1 239 288
2 941 395
0 208 385
2 692 396
0 351 896
1 947 160
2 812 883
2 460 879
1 138 586
0 813 929
0 452 200
2 159 780
0 828 901
2 626 570
2 478 933
0 441 762
2 573 676
1 567 718
1 860 205
0 936 168
1 531 215
1 314 54
2 509 290
1 790 359
2 584 794
1 193 553
0 335 575
0 638 0
1 283 204
2 437 254
2 725 879
0 712 498
2 666 851
0 606 161
2 155 756
1 986 738
2 136 419
2 883 883
1 463 634
2 619 28
0 164 297
0 882 251
1 303 12
0 285 116
1 816 730
0 746 407
2 688 803
1 277 255
0 560 78
2 305 590
0 175 316
1 697 790
2 68 467
1 261 349
0 511 273
0 341 15
0 859 279
2 913 135
1 171 551
1 530 748
1 868 178
1 830 611
2 604 844
2 37 667
1 378 654
0 67 504
2 254 393
1 584 975
2 280 46
2 266 124
2 374 37
1 555 524
1 49 359
1 370 335
0 788 126
0 313 439
2 549 215
1 142 999
2 224 997
0 94 666
1 621 904
2 955 928
1 338 231
0 685 948
2 281 464
2 641 898
1 883 601
1 875 685
0 744 963
2 594 218
2 815 145
0 993 578
0 439 848
0 674 577
1 168 564
2 525 48
1 711 367
0 122 844
0 482 95
2 307 386
0 463 558
2 758 733
1 775 621
0 237 476
2 741 579
0 996 596
0 677 544
0 694 557
0 393 960
1 84 89
2 313 137
1 612 0
2 316 77
1 825 188
0 931 833
0 904 605
0 950 877
1 770 429
0 491 363
0 784 283
0 769 392
1 607 807
0 365 840
0 990 651
0 739 545
2 70 453
2 592 975
1 649 842
0 133 9
0 729 528
0 283 885
0 37 83
0 284 817
1 632 251
2 565 487
1 458 352
2 444 358
0 688 37
1 125 629
0 902 216
1 695 375
2 279 591
0 684 292
0 30 266
2 242 559
0 45 222
0 141 861
1 530 92
1 87 835
1 719 920
0 484 524
0 987 258
0 726 615
0 141 619
1 96 48
0 744 900
0 868 130
0 81 639
0 60 745
2 0 231
1 128 574
0 330 98
0 436 60
1 426 522
1 176 716
2 773 689
0 992 966
0 164 131
1 757 133
1 743 826
0 391 872
1 997 893
2 367 945
0 623 887
0 299 530
2 838 803
0 728 311
2 524 322
0 843 905
2 487 871
0 833 722
1 8 820
2 205 164
0 315 590
0 923 479
2 253 812
1 664 91
1 126 352
1 866 894
1 498 256
0 700 757
1 848 604
0 251 547
1 68 470
1 181 930
0 57 692
2 679 630
2 433 370
2 932 808
0 531 225
0 225 461
0 526 720
0 50 813
1 635 747
2 251 64
0 653 561
1 335 477
0 741 271
0 556 488
2 182 250
0 181 934
1 3 547
2 617 753
0 480 329
1 124 794
0 610 593
1 63 789
0 706 179
2 386 446
1 884 594
1 442 86
1 766 714
1 893 986
0 372 625
2 406 98
0 922 329
0 29 850
2 565 52
0 836 704
0 25 679
0 273 676
2 870 758
2 130 283
1 580 891
0 545 269
0 819 85
0 626 429
1 486 916
1 492 51
0 427 805
0 467 960
0 607 137
0 797 584
2 198 261
2 44 126
1 996 538
0 953 59
1 127 231
2 11 532
0 218 572
2 520 902
0 425 595
0 723 436
2 141 566
0 963 939
0 363 195
2 367 202
0 373 367
1 818 174
1 109 330
1 474 108
2 164 666
2 221 964
0 476 457
2 515 131
2 700 945
2 755 86
2 521 126
2 654 591
1 768 393
2 435 666
1 753 330
0 775 199
0 389 821
2 536 940
2 267 917
0 983 35
0 635 941
0 112 999
1 472 129
2 130 988
0 471 172
2 98 559
2 973 354
2 437 991
1 5 255
0 97 399
2 808 506
2 408 558
0 28 893
0 209 541
2 789 625
1 371 461
1 308 427
0 207 685
0 320 684
1 257 912
1 901 917
1 150 36
0 442 603
2 814 369
1 405 460
0 334 193
1 230 259
0 474 339
2 296 923
1 437 609
1 117 257
0 339 489
0 723 702
2 137 208
2 991 24
0 450 176
0 563 450
1 117 935
2 283 752
1 142 209
1 652 845
1 492 739
1 30 828
1 756 455
1 269 375
1 829 517
0 87 602
1 878 620
1 619 991
2 256 475
2 630 627
0 849 97
1 912 546
1 919 905
0 292 716
2 252 327
0 506 97
1 637 717
2 797 825
0 120 335
2 657 967
1 968 328
0 222 781
2 658 723
0 657 206
0 622 257
1 941 37
1 572 315
2 862 789
2 381 847
1 244 544
1 577 304
1 546 52
2 330 162
0 696 618
1 928 268
2 726 701
2 822 420
2 451 778
0 239 96
1 141 951
0 92 476
2 185 531
1 820 375
1 24 585
0 774 949
0 909 647
2 273 255
2 569 396
1 34 553
0 348 348
2 954 407
0 664 9
1 541 58
0 38 539
1 962 327
2 874 950
0 335 761
0 500 528
2 787 639
2 501 691
0 939 940
1 818 922
0 793 610
2 253 586
1 617 165
2 292 95
1 363 262
2 961 97
0 452 328
2 463 814
1 81 135
0 305 848
1 903 286
1 73 974
0 540 341
