100 100
1 27 12
2 68 36
2 10 46
0 12 62
2 7 41
1 94 72
0 75 74
1 8 6
0 69 55
2 6 95
2 25 81
0 59 7
2 62 26
1 85 45
2 34 45
0 63 31
1 53 81
2 66 11
0 13 45
2 7 36
0 63 23
1 12 68
0 25 53
2 96 3
1 97 30
2 36 62
1 51 70
1 93 31
0 66 64
2 14 34
2 68 3
0 66 78
0 27 33
2 53 57
2 13 30
1 1 53
0 44 16
2 87 55
0 96 8
2 25 22
2 95 2
2 97 22
2 72 30
2 10 6
0 11 48
2 18 5
0 89 68
0 83 80
0 95 42
0 13 2
1 40 44
1 9 67
0 55 50
0 61 55
0 36 46
2 18 20
2 53 32
1 90 85
1 80 49
2 85 81
2 98 21
2 92 76
1 27 40
0 79 53
1 21 38
2 22 34
2 53 14
2 72 92
2 31 30
2 75 41
1 87 96
1 0 26
2 56 1
0 68 80
2 20 48
0 95 95
0 45 84
2 22 87
0 74 69
0 95 65
1 33 19
0 83 55
0 2 17
1 1 57
2 21 0
2 11 71
2 5 44
0 61 23
1 71 17
0 24 31
2 90 62
0 10 51
1 95 37
0 46 60
2 50 75
0 10 68
2 18 35
2 35 86
2 98 1
1 98 83
